以下是D:\JavaItems\javaPractice\src\supplement\files\graph3c_am.txt文件的格式示例
1
0 0 1
0 0 1
1 1 0
2
0 1 1
1 0 1
1 1 0

以下是D:\JavaItems\javaPractice\src\supplement\files\graph4c_am.txt文件的格式示例
1
0 0 0 1
0 0 0 1
0 0 0 1
1 1 1 0
2
0 0 1 1
0 0 0 1
1 0 0 0
1 1 0 0
3
0 0 1 1
0 0 0 1
1 0 0 1
1 1 1 0

以下是D:\JavaItems\javaPractice\src\supplement\files\graph5c_am.txt文件的格式示例
1
0 0 0 0 1
0 0 0 0 1
0 0 0 0 1
0 0 0 0 1
1 1 1 1 0
2
0 0 0 1 1
0 0 0 0 1
0 0 0 0 1
1 0 0 0 0
1 1 1 0 0
3
0 0 0 1 1
0 0 0 0 1
0 0 0 0 1
1 0 0 0 1
1 1 1 1 0

以下是D:\JavaItems\javaPractice\src\supplement\files\graph6c_am.txt文件的格式示例
1
0 0 0 0 0 1
0 0 0 0 0 1
0 0 0 0 0 1
0 0 0 0 0 1
0 0 0 0 0 1
1 1 1 1 1 0
2
0 0 0 0 1 1
0 0 0 0 0 1
0 0 0 0 0 1
0 0 0 0 0 1
1 0 0 0 0 0
1 1 1 1 0 0
3
0 0 0 0 1 1
0 0 0 0 0 1
0 0 0 0 0 1
0 0 0 0 0 1
1 0 0 0 0 1
1 1 1 1 1 0

以下是D:\JavaItems\javaPractice\src\supplement\files\graph7c_am.txt文件的格式示例
1
0 0 0 0 0 0 1
0 0 0 0 0 0 1
0 0 0 0 0 0 1
0 0 0 0 0 0 1
0 0 0 0 0 0 1
0 0 0 0 0 0 1
1 1 1 1 1 1 0
2
0 0 0 0 0 1 1
0 0 0 0 0 0 1
0 0 0 0 0 0 1
0 0 0 0 0 0 1
0 0 0 0 0 0 1
1 0 0 0 0 0 0
1 1 1 1 1 0 0
3
0 0 0 0 0 1 1
0 0 0 0 0 0 1
0 0 0 0 0 0 1
0 0 0 0 0 0 1
0 0 0 0 0 0 1
1 0 0 0 0 0 1
1 1 1 1 1 1 0

以下是D:\JavaItems\javaPractice\src\supplement\files\graph8c_am.txt文件的格式示例
1
0 0 0 0 0 0 0 1
0 0 0 0 0 0 0 1
0 0 0 0 0 0 0 1
0 0 0 0 0 0 0 1
0 0 0 0 0 0 0 1
0 0 0 0 0 0 0 1
0 0 0 0 0 0 0 1
1 1 1 1 1 1 1 0
2
0 0 0 0 0 0 1 1
0 0 0 0 0 0 0 1
0 0 0 0 0 0 0 1
0 0 0 0 0 0 0 1
0 0 0 0 0 0 0 1
0 0 0 0 0 0 0 1
1 0 0 0 0 0 0 0
1 1 1 1 1 1 0 0
3
0 0 0 0 0 0 1 1
0 0 0 0 0 0 0 1
0 0 0 0 0 0 0 1
0 0 0 0 0 0 0 1
0 0 0 0 0 0 0 1
0 0 0 0 0 0 0 1
1 0 0 0 0 0 0 1
1 1 1 1 1 1 1 0

以下是D:\JavaItems\javaPractice\src\supplement\files\graph9c_am.txt文件的格式示例
1
0 0 0 0 0 0 0 0 1
0 0 0 0 0 0 0 0 1
0 0 0 0 0 0 0 0 1
0 0 0 0 0 0 0 0 1
0 0 0 0 0 0 0 0 1
0 0 0 0 0 0 0 0 1
0 0 0 0 0 0 0 0 1
0 0 0 0 0 0 0 0 1
1 1 1 1 1 1 1 1 0
2
0 0 0 0 0 0 0 1 1
0 0 0 0 0 0 0 0 1
0 0 0 0 0 0 0 0 1
0 0 0 0 0 0 0 0 1
0 0 0 0 0 0 0 0 1
0 0 0 0 0 0 0 0 1
0 0 0 0 0 0 0 0 1
1 0 0 0 0 0 0 0 0
1 1 1 1 1 1 1 0 0
3
0 0 0 0 0 0 0 1 1
0 0 0 0 0 0 0 0 1
0 0 0 0 0 0 0 0 1
0 0 0 0 0 0 0 0 1
0 0 0 0 0 0 0 0 1
0 0 0 0 0 0 0 0 1
0 0 0 0 0 0 0 0 1
1 0 0 0 0 0 0 0 1
1 1 1 1 1 1 1 1 0

以下是D:\JavaItems\javaPractice\src\supplement\files\graph10c_am.txt文件的格式示例
1
0 0 0 0 0 0 0 0 0 1
0 0 0 0 0 0 0 0 0 1
0 0 0 0 0 0 0 0 0 1
0 0 0 0 0 0 0 0 0 1
0 0 0 0 0 0 0 0 0 1
0 0 0 0 0 0 0 0 0 1
0 0 0 0 0 0 0 0 0 1
0 0 0 0 0 0 0 0 0 1
0 0 0 0 0 0 0 0 0 1
1 1 1 1 1 1 1 1 1 0
2
0 0 0 0 0 0 0 0 1 1
0 0 0 0 0 0 0 0 0 1
0 0 0 0 0 0 0 0 0 1
0 0 0 0 0 0 0 0 0 1
0 0 0 0 0 0 0 0 0 1
0 0 0 0 0 0 0 0 0 1
0 0 0 0 0 0 0 0 0 1
0 0 0 0 0 0 0 0 0 1
1 0 0 0 0 0 0 0 0 0
1 1 1 1 1 1 1 1 0 0
3
0 0 0 0 0 0 0 0 1 1
0 0 0 0 0 0 0 0 0 1
0 0 0 0 0 0 0 0 0 1
0 0 0 0 0 0 0 0 0 1
0 0 0 0 0 0 0 0 0 1
0 0 0 0 0 0 0 0 0 1
0 0 0 0 0 0 0 0 0 1
0 0 0 0 0 0 0 0 0 1
1 0 0 0 0 0 0 0 0 1
1 1 1 1 1 1 1 1 1 0